2025-05-20    15:05:59.387 144.811600 -3.757500 16.819000 6.500000 42.982017 154.646881
2025-03-25    01:43:11.796 165.863200 -46.730500 21.000000 6.700000 89.665458 154.947136
2025-03-10    02:33:14.609 -8.173300 71.176000 10.000000 6.500000 68.163560 345.971113
2024-09-05    01:03:15.672 144.195300 -3.542800 7.000000 6.200000 42.572437 155.386887
2024-03-23    20:22:04.348 143.134000 -4.129200 41.464000 6.900000 42.787597 157.135974
2023-12-30    17:16:23.833 139.372000 -2.993400 33.000000 6.300000 40.654256 162.046066
2023-11-27    21:46:42.183 144.031300 -3.560500 10.000000 6.500000 42.534967 155.622508
2023-10-11    20:04:58.206 139.613100 -52.044600 10.000000 6.300000 88.876534 172.709877
2023-09-05    15:03:16.629 142.884100 -5.308100 49.000000 5.800000 43.834682 158.006227
2023-06-19    11:18:11.960 144.834500 -4.472900 23.844000 6.200000 43.662518 154.971837
2023-04-02    18:04:11.261 143.165800 -4.322900 70.000000 7.000000 42.981595 157.180603
2023-02-17    09:37:34.656 132.106000 -6.617600 39.742000 6.100000 43.040487 173.619042
2023-02-04    12:22:37.925 146.229800 -6.404800 121.000000 5.800000 45.954762 154.080893
2022-09-09    23:31:47.409 138.197900 -2.249200 18.000000 6.200000 39.656299 163.529546
2021-01-12    18:17:36.970 136.887600 -3.060400 31.000000 5.900000 40.176889 165.780022
2020-12-23    18:11:47.762 133.636200 6.254400 11.000000 6.100000 30.436821 168.392215
2020-10-08    07:35:32.524 146.173800 -6.094200 106.000000 6.300000 45.644408 154.000434
2020-06-21    19:07:54.833 -18.707000 66.381000 10.000000 6.000000 74.234494 346.668859
2020-01-18    16:38:14.301 139.336300 -2.840500 44.000000 6.000000 40.497278 162.040823